leaky-relu
0.7441
0.767
0.7766
0.7839
0.7928
0.796
0.813
0.8109
0.8129
0.8265
0.8266
0.8193
0.827
0.8287
0.8269
0.8256
0.8241
0.8331
0.831
0.8335
0.8275
0.8339
0.7895
0.7876
0.8367
0.839
0.8323
0.8465
0.8449
0.8337
0.833
0.8399
0.8457
0.8478
0.844
0.8431
0.8436
0.8425
0.8475
0.8426
0.8548
0.8498
0.8391
0.8477
0.8512
0.8546
0.8587
0.8543
0.8478
0.8462
0.8554
0.8534
0.85
0.8544
0.8523
0.8561
0.8398
0.8588
0.832
0.8599
0.8572
0.8565
0.8602
0.8625
0.8616
0.8606
0.8597
0.8606
0.8586
0.863
0.863
0.8619
0.865
0.8633
0.8649
0.8616
0.8642
0.859
0.8636
0.8638
0.8658
0.867
0.8636
0.8651
0.8646
0.864
0.8656
0.8645
0.8688
0.8675
0.8696
0.8666
0.8658
0.8489
0.859
0.834
0.8695
0.8676
0.8673
0.8666
0.8712
0.8721
0.8712
0.8686
0.83
0.8688
0.8678
0.8698
0.8695
0.8726
0.8656
0.8694
0.8735
0.8741
0.8719
0.8713
0.8723
0.8714
0.871
0.8691
0.8719
0.8718
0.8583
0.8683
0.8717
0.8735
0.8755
0.8711
0.8688
0.872
0.8715
0.8452
0.871
0.8708
0.873
0.8761
0.8725
0.8736
0.8736
0.8755
0.8752
0.8735
0.8739
0.8738
0.8737
0.8741
0.8758
0.8758
0.8753
0.8736
0.8749
0.8761
0.8762
0.8746
0.876
0.874
0.8749
0.8733
0.8764
0.8694
0.8748
0.8743
0.8734
0.875
0.8747
0.8759
0.8763
0.8756
0.8763
0.875
0.8753
0.874
0.8754
0.8759
0.875
0.8759
0.8756
0.8744
0.8763
0.8502
0.865
0.8708
0.8725
0.8743
0.8741
0.8757
0.876
0.8758
0.8741
0.8757
0.8758
0.8763
0.8761
0.8772
0.8764
0.8763
0.8763
0.8759
0.8755
0.8755
0.8762
0.8765
0.8764
0.8761
0.876
0.8768
0.8765
0.8761
0.8764
0.8761
0.8762
0.8764
0.8766
0.8767
0.8762
0.876
0.8759
0.8756
0.8758
0.8754
0.877
0.8766
0.8765
0.8764
0.8764
0.8764
0.877
0.8768
0.8765
0.8766
0.8763
0.8764
0.8762
0.8763
0.8764
0.8766
0.8763
0.8765
0.8767
0.8762
0.8767
0.8769
0.8767
0.8766
0.8758
0.8765
0.8759
0.8766
0.876
0.8758
0.8752
0.8756
0.8757
0.8758
0.8757
0.8761
0.8759
0.8759
0.8756
0.8757
0.8755
0.8767
0.876
0.8761
0.8761
0.876
0.8758
0.8762
0.8761
0.8761
0.8764
0.876
0.8758
0.8762
0.8758
0.8761
0.8759
0.8762
0.8764
0.876
0.8757
0.8759
0.8758
0.8758
0.8758
0.8763
0.8762
0.8764
0.8761
0.8761
0.8763
0.876
0.8762
0.8762
0.876
0.876
0.876
0.8762
0.8771
0.8759
none-act
0.7472
0.7579
0.7694
0.788
0.7888
0.7907
0.8033
0.8162
0.8183
0.8181
0.7973
0.7794
0.8034
0.8104
0.8128
0.8187
0.8227
0.8131
0.8128
0.8283
0.8236
0.8238
0.8279
0.8242
0.8307
0.8168
0.831
0.8234
0.8343
0.8383
0.8321
0.8359
0.8373
0.8373
0.8319
0.8294
0.8321
0.8365
0.8323
0.8409
0.8404
0.8388
0.8391
0.8397
0.8489
0.839
0.8431
0.8484
0.8417
0.8478
0.848
0.8472
0.8432
0.8387
0.8424
0.8517
0.8492
0.8481
0.8484
0.8469
0.8503
0.8526
0.851
0.8525
0.8523
0.851
0.8503
0.8542
0.8558
0.8546
0.85
0.8482
0.8481
0.8575
0.8536
0.8568
0.8533
0.8602
0.8573
0.8591
0.8592
0.8576
0.8589
0.8521
0.8527
0.8562
0.8602
0.8598
0.861
0.8589
0.8613
0.8581
0.8627
0.8639
0.8627
0.862
0.8694
0.8639
0.8679
0.8632
0.8612
0.8681
0.8652
0.8635
0.863
0.8598
0.8667
0.8527
0.8664
0.8636
0.8653
0.8657
0.8631
0.8686
0.8646
0.866
0.8653
0.866
0.8649
0.8671
0.8639
0.8719
0.8687
0.8692
0.8641
0.8684
0.8494
0.8675
0.867
0.868
0.8671
0.8684
0.8683
0.8657
0.8679
0.8681
0.8712
0.8677
0.8693
0.8693
0.8723
0.8706
0.8692
0.8719
0.8691
0.8708
0.8702
0.8716
0.8696
0.8724
0.8731
0.8712
0.8695
0.8704
0.8631
0.8715
0.8693
0.8666
0.8687
0.8707
0.8685
0.87
0.8685
0.8705
0.8743
0.8705
0.8701
0.8726
0.8698
0.8695
0.8705
0.8704
0.8715
0.8718
0.8715
0.8705
0.8727
0.871
0.8716
0.8724
0.8732
0.8736
0.8718
0.8725
0.8719
0.8731
0.8718
0.8738
0.8714
0.8735
0.8726
0.8726
0.8729
0.8732
0.873
0.8743
0.8726
0.8741
0.8726
0.8722
0.8742
0.8723
0.8739
0.8721
0.8718
0.8726
0.874
0.8735
0.8738
0.8745
0.8733
0.8745
0.873
0.8728
0.8734
0.8737
0.875
0.8749
0.8743
0.8733
0.8738
0.8712
0.874
0.8731
0.8744
0.8747
0.8748
0.8736
0.8733
0.8745
0.8768
0.8761
0.8728
0.8749
0.8741
0.8744
0.8751
0.8743
0.8729
0.8734
0.8734
0.8726
0.8749
0.8747
0.8736
0.8756
0.8737
0.8748
0.8743
0.8744
0.8733
0.8738
0.8748
0.8739
0.875
0.8741
0.8734
0.8753
0.8755
0.8751
0.8748
0.8742
0.8741
0.8742
0.8745
0.8748
0.8748
0.8743
0.8746
0.8737
0.8752
0.8747
0.8749
0.8748
0.8752
0.8749
0.8751
0.8741
0.8748
0.8739
0.8747
0.8737
0.8737
0.8745
0.8749
0.8745
0.8748
0.875
0.8739
0.874
0.8737
0.8744
0.8752
0.874
0.8748
0.8742
0.8748
0.8748
0.875
0.8746
softplus
0.7554
0.7652
0.7881
0.8081
0.8179
0.8275
0.8306
0.8309
0.8374
0.8383
0.8395
0.8388
0.8507
0.8485
0.8539
0.8454
0.8508
0.8606
0.8506
0.8558
0.8585
0.8606
0.8557
0.8606
0.8618
0.8591
0.8632
0.8628
0.8646
0.8633
0.8675
0.8695
0.8644
0.8625
0.8684
0.8693
0.8680
0.8695
0.8700
0.8709
0.8692
0.8667
0.8717
0.8738
0.8743
0.8722
0.8758
0.8773
0.8740
0.8777
0.8752
0.8753
0.8783
0.8741
0.8733
0.8747
0.8762
0.8767
0.8758
0.8803
0.8775
0.8780
0.8793
0.8797
0.8750
0.8777
0.8798
0.8806
0.8819
0.8788
0.8822
0.8804
0.8824
0.8814
0.8829
0.8809
0.8823
0.8803
0.8814
0.8777
0.8791
0.8819
0.8823
0.8808
0.8819
0.8798
0.8839
0.8841
0.8838
0.8827
0.8849
0.8811
0.8835
0.8838
0.8844
0.8834
0.8846
0.8837
0.8843
0.8812
0.8838
0.8853
0.8826
0.8835
0.8829
0.8839
0.8863
0.8849
0.8836
0.8844
0.8848
0.8804
0.8827
0.8832
0.8860
0.8882
0.8837
0.8841
0.8859
0.8863
0.8857
0.8853
0.8854
0.8854
0.8837
0.8881
0.8854
0.8856
0.8832
0.8862
0.8849
0.8851
0.8851
0.8846
0.8857
0.8880
0.8860
0.8842
0.8868
0.8864
0.8860
0.8854
0.8854
0.8844
0.8868
0.8853
0.8879
0.8853
0.8849
0.8860
0.8864
0.8854
0.8847
0.8863
0.8866
0.8876
0.8852
0.8862
0.8867
0.8867
0.8861
0.8838
0.8878
0.8883
0.8871
0.8853
0.8851
0.8872
0.8852
0.8883
0.8875
0.8867
0.8881
0.8866
0.8862
0.8867
0.8848
0.8862
0.8867
0.8874
0.8856
0.8868
0.8867
0.8860
0.8880
0.8871
0.8870
0.8870
0.8873
0.8868
0.8872
0.8881
0.8876
0.8877
0.8878
0.8883
0.8881
0.8864
0.8885
0.8881
0.8872
0.8867
0.8877
0.8876
0.8877
0.8887
0.8881
0.8880
0.8870
0.8882
0.8889
0.8882
0.8872
0.8870
0.8867
0.8870
0.8875
0.8874
0.8883
0.8874
0.8875
0.8879
0.8874
0.8867
0.8880
0.8877
0.8882
0.8876
0.8880
0.8876
0.8876
0.8879
0.8882
0.8878
0.8876
0.8880
0.8882
0.8880
0.8877
0.8881
0.8879
0.8873
0.8882
0.8876
0.8879
0.8884
0.8885
0.8880
0.8884
0.8879
0.8888
0.8882
0.8877
0.8886
0.8876
0.8875
0.8882
0.8880
0.8883
0.8872
0.8876
0.8877
0.8875
0.8867
0.8872
0.8871
0.8879
0.8869
0.8875
0.8875
0.8876
0.8877
0.8876
0.8879
0.8884
0.8877
0.8879
0.8877
0.8872
0.8881
0.8880
0.8882
0.8878
0.8875
0.8876
0.8875
0.8881
0.8879
0.8878
0.8877
0.8878
0.8879
0.8879
0.8879
0.8883
0.8883
0.8880
0.8881
0.8880
0.8879
relu
0.729
0.7691
0.7792
0.7725
0.7787
0.7827
0.788
0.7949
0.7934
0.7792
0.8113
0.8096
0.8102
0.8097
0.8198
0.7349
0.8086
0.8173
0.7457
0.8185
0.7704
0.8122
0.8167
0.8156
0.82
0.8014
0.7948
0.8125
0.8079
0.8174
0.816
0.8149
0.8222
0.7721
0.8157
0.8208
0.8193
0.8237
0.8226
0.8201
0.823
0.8193
0.8244
0.8264
0.8255
0.8302
0.8267
0.8281
0.8316
0.8295
0.8322
0.831
0.8291
0.8347
0.8319
0.817
0.8259
0.8302
0.8243
0.8306
0.8317
0.8331
0.8335
0.8333
0.8335
0.8327
0.8319
0.8347
0.8366
0.8336
0.8368
0.8366
0.8321
0.8364
0.8371
0.8354
0.8396
0.8389
0.8382
0.8368
0.8377
0.8372
0.8409
0.8389
0.8365
0.8388
0.8384
0.8387
0.8401
0.836
0.842
0.8397
0.8431
0.8432
0.8392
0.8419
0.8399
0.843
0.8411
0.8426
0.8374
0.8427
0.8433
0.7917
0.8156
0.8155
0.8323
0.8333
0.8341
0.8329
0.8337
0.8388
0.8375
0.8377
0.8396
0.8391
0.8408
0.8398
0.8394
0.8393
0.8388
0.8408
0.8392
0.843
0.8391
0.8429
0.8407
0.8427
0.8399
0.8426
0.8431
0.8436
0.8436
0.8438
0.8313
0.8445
0.8433
0.8444
0.8438
0.8436
0.8456
0.8458
0.8448
0.8451
0.8462
0.8442
0.8453
0.8456
0.8447
0.8455
0.8471
0.8443
0.8454
0.8464
0.8464
0.8452
0.8465
0.8481
0.8457
0.8476
0.8457
0.8494
0.8478
0.8487
0.8497
0.8492
0.8446
0.8461
0.8447
0.8482
0.8479
0.8495
0.8464
0.8481
0.8482
0.8472
0.8482
0.8496
0.8499
0.8484
0.8495
0.8509
0.8496
0.8508
0.8502
0.8502
0.851
0.8502
0.8489
0.8321
0.8463
0.8464
0.8481
0.8468
0.8478
0.8492
0.8484
0.8495
0.8489
0.8497
0.8508
0.8506
0.8499
0.85
0.8521
0.8525
0.8512
0.8513
0.8519
0.8505
0.8503
0.8491
0.8504
0.8502
0.8508
0.8502
0.85
0.8504
0.8513
0.8512
0.8509
0.8508
0.8512
0.8507
0.8513
0.8497
0.8509
0.8517
0.8505
0.8502
0.8507
0.8509
0.852
0.8516
0.8508
0.85
0.851
0.8501
0.8511
0.8503
0.8519
0.8511
0.851
0.8515
0.8379
0.8488
0.8499
0.8486
0.8486
0.849
0.8495
0.8514
0.8503
0.8511
0.8505
0.8504
0.8509
0.85
0.8505
0.8379
0.8509
0.8515
0.851
0.8518
0.8512
0.8509
0.8526
0.8514
0.8526
0.8521
0.8531
0.8533
0.8525
0.8518
0.8534
0.8532
0.8452
0.8522
0.8522
0.8527
0.853
0.8533
0.8535
0.8529
0.8527
0.8539
0.8533
0.8526
0.8537
0.8542
0.8536
0.8529
0.8532
0.8531
0.8535
0.8528
0.8538
0.8536
0.853
0.8531
tanh
0.7503
0.7723
0.7761
0.7945
0.7947
0.7841
0.7976
0.8081
0.8073
0.8045
0.8118
0.8139
0.81
0.8031
0.816
0.8258
0.8195
0.8185
0.8267
0.8244
0.8332
0.8172
0.8266
0.8114
0.8309
0.8347
0.8357
0.8253
0.8305
0.8307
0.8361
0.8344
0.8286
0.8369
0.8329
0.8296
0.8337
0.8334
0.84
0.8317
0.8337
0.8339
0.8371
0.839
0.8388
0.8387
0.8323
0.8324
0.8424
0.8413
0.8446
0.8311
0.8365
0.8379
0.8413
0.8279
0.8366
0.8347
0.8392
0.8356
0.8341
0.8304
0.8415
0.8336
0.8391
0.8383
0.8346
0.8401
0.8363
0.8361
0.84
0.84
0.8376
0.8427
0.8372
0.8405
0.8012
0.8382
0.8375
0.8343
0.8351
0.84
0.8403
0.8403
0.8397
0.8359
0.8379
0.8415
0.8381
0.8404
0.8422
0.8369
0.8415
0.8312
0.8369
0.8416
0.8422
0.8392
0.8402
0.8365
0.8403
0.8382
0.836
0.8414
0.8394
0.8353
0.8411
0.8374
0.8391
0.8425
0.8398
0.8419
0.8364
0.8309
0.8242
0.8382
0.842
0.8368
0.8365
0.8387
0.8419
0.8414
0.841
0.8426
0.8349
0.8437
0.8428
0.837
0.8414
0.8427
0.8382
0.8393
0.8421
0.8392
0.8392
0.8387
0.839
0.8391
0.8312
0.8366
0.8384
0.8415
0.8347
0.8408
0.8392
0.8404
0.8395
0.8374
0.8381
0.8382
0.8374
0.8376
0.8396
0.8379
0.8385
0.8383
0.8301
0.8381
0.8386
0.8405
0.8384
0.8385
0.8357
0.8372
0.838
0.8385
0.8382
0.839
0.8379
0.8383
0.8355
0.8382
0.8376
0.8382
0.837
0.8377
0.8385
0.8372
0.8378
0.8338
0.8373
0.8384
0.8388
0.8371
0.8379
0.8372
0.8379
0.8372
0.837
0.8367
0.8379
0.8378
0.8376
0.8372
0.8382
0.8375
0.8371
0.8375
0.8371
0.8372
0.8361
0.836
0.8363
0.8362
0.8368
0.8375
0.8374
0.8371
0.8386
0.8378
0.8381
0.8376
0.8381
0.8383
0.8382
0.8381
0.8386
0.8383
0.8386
0.8379
0.8384
0.8382
0.8385
0.8381
0.8382
0.838
0.838
0.8382
0.8381
0.8376
0.8373
0.8375
0.838
0.8378
0.838
0.8379
0.8378
0.8386
0.838
0.8383
0.838
0.8381
0.838
0.8378
0.8377
0.8375
0.8379
0.8378
0.8379
0.8379
0.8378
0.8376
0.8378
0.838
0.8379
0.8377
0.8379
0.8379
0.8379
0.8377
0.8378
0.8379
0.8378
0.8378
0.8378
0.8377
0.8376
0.8374
0.8374
0.8376
0.8377
0.8376
0.8377
0.8378
0.8377
0.8378
0.8377
0.8378
0.8378
0.8376
0.8376
0.8379
0.8379
0.8378
0.8379
0.8377
0.8377
0.838
0.8381
0.838
0.8378
0.8377
0.8377
0.8378
0.8378
0.8376
0.8378
0.8379
0.8378
0.8378
softmax
0.7559
0.7806
0.8008
0.8103
0.8194
0.8257
0.8349
0.8409
0.8405
0.845
0.8452
0.8491
0.8499
0.8512
0.8513
0.8559
0.8586
0.8585
0.8592
0.8589
0.8544
0.8606
0.8617
0.8645
0.8644
0.8684
0.864
0.8584
0.8697
0.8686
0.8662
0.8679
0.8659
0.8696
0.8684
0.8703
0.8708
0.8696
0.8729
0.8739
0.8739
0.8716
0.8693
0.8714
0.8742
0.875
0.8757
0.8731
0.8761
0.8764
0.8791
0.8738
0.8724
0.8764
0.8746
0.8799
0.8812
0.8762
0.8759
0.8799
0.8783
0.8803
0.8782
0.8801
0.876
0.8791
0.8807
0.8791
0.8803
0.8792
0.8794
0.8788
0.8836
0.8806
0.8811
0.8844
0.8821
0.8819
0.8812
0.8834
0.8809
0.8842
0.8817
0.8825
0.8846
0.8832
0.8844
0.884
0.8842
0.8832
0.885
0.8841
0.8845
0.8838
0.8845
0.8862
0.8827
0.8859
0.8848
0.884
0.8846
0.8863
0.8836
0.8865
0.8856
0.8847
0.8875
0.8866
0.8871
0.8854
0.885
0.8846
0.8858
0.8867
0.8848
0.8842
0.8838
0.8866
0.8846
0.8881
0.8871
0.8865
0.8856
0.8876
0.8868
0.8866
0.8873
0.8857
0.8861
0.8863
0.8881
0.8873
0.8887
0.889
0.8883
0.8872
0.8885
0.8871
0.8886
0.8882
0.8878
0.8866
0.8877
0.8887
0.8894
0.889
0.8874
0.8893
0.8881
0.8875
0.8882
0.8879
0.8882
0.8899
0.8888
0.8884
0.8882
0.8879
0.889
0.8866
0.8889
0.8895
0.887
0.8888
0.8884
0.889
0.8891
0.8907
0.8898
0.8893
0.889
0.8896
0.8905
0.8887
0.8885
0.8892
0.8892
0.8889
0.8887
0.8888
0.8902
0.8904
0.8886
0.8889
0.8902
0.8909
0.8901
0.8904
0.8905
0.8907
0.8888
0.89
0.8903
0.8897
0.8891
0.8902
0.8889
0.8896
0.8885
0.8896
0.8896
0.8897
0.8893
0.8898
0.8898
0.8897
0.8891
0.8891
0.8899
0.8895
0.8896
0.8895
0.8898
0.889
0.8892
0.8902
0.8897
0.8893
0.8891
0.89
0.8898
0.89
0.8894
0.8896
0.8896
0.8895
0.8894
0.8898
0.8886
0.8897
0.8901
0.8894
0.89
0.8895
0.8908
0.8894
0.89
0.8897
0.8894
0.8895
0.8893
0.8892
0.8898
0.8894
0.8894
0.8897
0.8891
0.8892
0.8891
0.8899
0.8902
0.8899
0.8899
0.8897
0.8894
0.8891
0.8894
0.8897
0.8891
0.8897
0.8897
0.8894
0.8894
0.8897
0.8896
0.8895
0.8889
0.8896
0.8895
0.8894
0.8894
0.8895
0.8891
0.8893
0.8896
0.8896
0.8896
0.8898
0.8895
0.89
0.8895
0.8896
0.8893
0.8898
0.8895
0.8895
0.8896
0.8899
0.8899
0.8898
0.8899
0.8899
0.8901
0.8899
0.8898
0.89
0.8896
0.8897
0.8899
0.8899